370.98095035470413 250.68997308275613 38.16484193375394 524.6945110262078 92.22871698021483 
161.89909797207767 592.5272771619086 58.81196733492969 531.9859285884392 341.2721615348475 
27.094048735624312 505.7307951003833 583.3549318165318 202.9173787597304 532.3047883702202 
343.10845908183705 357.1108669523502 607.4897347403177 163.40813793769252 274.12592489430574 
610.4314374231293 309.8263822605192 594.649277084349 540.7175293736276 274.00323248113244 
194.60702816481128 35.505869214145385 607.2477219383268 142.34817528515842 602.3829505614109 
448.81606620941665 391.9783335249627 542.2140552619156 598.3184163113776 160.64239330980178 
573.6700944937242 143.872667772311 385.98822578833347 101.71513216931265 250.6621430175899 
230.16945291144017 418.57523035772334 470.2991620931451 579.7734018140043 288.1683665736982 
509.8114109795077 156.32781041895782 372.36946191437784 338.2357280903027 597.0064304384357 
616.6475513448107 374.93861440189943 365.4066926340291 158.5073146610147 441.217323215558 
111.52111137745624 567.8783475083068 37.93299233904278 600.1062007518769 115.33505121498864 
287.4728346463156 377.52761206937345 311.1330625936224 326.9428486666712 236.91461913663787 
512.976093538528 217.99220968875994 586.3020201553728 188.7653373935428 232.02593477983814 
318.70849890364497 296.0438916572682 40.86016150417693 149.25895107880385 34.265907152764434 
483.32417855912166 323.08939500268394 299.35655181195114 157.25302336848472 237.5890851262514 
160.36899967506318 401.20253030821465 570.369566893204 51.60060921514325 456.6438893441974 
595.1669685477826 374.6373714999244 143.06494573587986 414.76760530224 405.91497697757154 
617.1597413986624 584.207652146613 257.1022853357133 433.0841975936976 358.2729268887494 
616.6392951416601 361.6825275994642 22.17466987070869 367.93338908597985 78.85547874391492 
378.78705681448014 517.9947686408732 91.18468632127465 23.714771797476345 242.76179851605974 
453.0072203049896 72.54772763574084 353.2385021264125 343.93813918723896 372.91853543909923 
579.1780158624239 248.0760381735758 75.49021493242981 351.85608322563786 512.6338894701836 
118.97938680458518 120.0748858267674 399.4761591844513 249.09915767222589 357.6307504426361 
191.0981804815928 312.34698105956767 197.90427655552057 114.16695715587069 293.4519171354005 
471.9504158423369 218.1894562632877 78.7442861635644 518.5644154507793 441.64602857000534 
383.5537084059847 194.48774096366031 538.608705813336 164.9412692913822 134.53339807656232 
179.16817184850106 114.7124230043809 317.41167047061094 208.7542336494993 82.95133130372952 
284.0128133951052 314.61456276666644 488.6002900318233 59.562348993825694 240.40067149511623 
428.34031109969385 256.24384208343423 478.20949972287855 73.79705074545882 213.54461023424804 
