234.477870004951 311.2349885819739 331.8702271299335 476.3530984863092 28.273984528536293 
470.93583373228927 351.58956686453644 104.43929344386586 447.5452319186175 59.78774327216329 
283.3645440986073 249.42526083562933 261.7661769445493 301.18951553504166 194.16359307239327 
269.6041993367017 160.54592773961284 379.61205314123293 252.75919019250713 461.8215442717662 
57.770624868710144 231.01556920897596 487.98708835060626 192.9719520671645 206.81156627142283 
238.57068866655 429.3604473634133 398.71412828976054 300.62720405334323 288.7617202195408 
366.36665412876175 466.98198064899447 355.5869752897452 267.9500634656398 87.77522400144055 
148.8698947477614 302.84519908921015 204.47600063405807 87.28478932506971 264.4704835733578 
336.0932591263069 386.3768784201231 346.8373319304907 96.242835756838 189.51790528488058 
409.7999554691745 433.92779592206415 487.48938634931716 144.79411341317444 238.1878725515521 
274.2370922760383 288.51959533104394 190.9404597669203 477.31499490575936 85.91688116682948 
418.0784644695227 385.86512504136726 196.2526992755964 86.85391630266992 432.61812617128317 
93.43077886631545 249.34176198608765 211.2423781646581 120.99054611944648 394.8662845764817 
179.2499168587074 196.7921182664079 267.13946530826803 98.3535757141024 406.19276538776063 
28.901036437364294 348.3698430589342 395.6175807461644 33.39612660487478 353.11974794027213 
61.77263978043906 339.34755862904035 223.8780053281688 92.23651283141493 196.38345810484918 
440.2777626811133 228.6282103437003 129.31069240752896 493.65272097330023 307.7557171650695 
271.2638347433702 42.98291003897563 263.80595373080746 382.62614697502534 119.23870819798276 
506.3897528246943 150.67194193849036 436.25872189558663 296.68488810331746 86.01153036993446 
62.55708236684392 134.54768190503842 18.964355257265467 301.78089359467674 411.74400807775265 
90.71153851737667 54.00911884162917 434.78064733451856 430.1926076184924 455.72098196531454 
340.5276542227664 193.8587198294145 454.02151551012577 220.18302158091106 318.15601618042024 
477.4885371803723 194.34830953753783 26.509612110536033 49.631636760592784 92.20291115581519 
137.06643614416095 415.1987672437851 340.06791566851405 413.929476086164 339.13704355928076 
54.05641681834977 183.40778748620917 103.55589871235098 13.973829642651472 124.18700525516724 
491.1344146089084 113.05297495791233 423.49900584321426 161.58103925707894 183.3169852938361 
343.4836400499877 219.44859229006573 278.1276754575815 347.0699631560098 441.2261512451948 
501.5050373790523 310.8804927229636 292.50365947116603 343.7394882121575 484.8353805984274 
73.40456587144372 461.2445379503794 311.1991148426586 294.61308234210736 508.0329296332497 
267.6030451153965 305.33121087312907 30.101601618222944 162.86064274751072 77.46746162092538 
